0.4306056663104679
0.38226541140808357
0.3186916841009573
0.6070827385218452
0.5133191190028701
0.7813463686943785
0.10735580920329879
0.459294111824888
0.8401335358285565
0.842172980684005
0.8394206046641295
0.17243718999593105
0.0552423690243008
0.9961257899611458
0.23697099328777915
0.8319702767420936
0.1885331449203802
0.11784667742626354
0.9913600881108081
0.7852637424471224
0.28680915921759753
0.418203289283128
0.7008163265723089
0.051967390179791906
0.23072660818605395
0.2695282632127848
0.3204415488675455
0.2566339889820676
0.3636987778256163
0.9226363997379647
0.20055868521995734
0.5123399531204701
0.5287448824647201
0.3964120695434099
0.0247182385099185
0.8959590518694256
0.860237831294884
0.17329828343200426
0.4752755600585654
0.8989084785699593
0.20973205460013566
0.7178073528146742
0.2523015619342709
0.5116009594555095
0.39852864687376766
0.25021328953723665
0.15069135659039545
0.40550085858226503
0.5843620313402478
0.6538735044867149
0.2606868887408266
0.013595630481567977
0.9055685400945853
0.8721683722924299
0.9986313274658639
0.17825881144770717
0.22332427095463236
0.6598342945558431
0.5976243119757635
0.4348942222675639
0.2210158956821816
0.09350667560452486
0.8918487478937861
0.930415429764393
0.3395344697220619
0.8175772407646459
0.7136915237386687
0.4375285151678304
0.02825955059858576
0.6040093859953741
0.9893821104764248
0.9189501369603991
0.573726582101756
0.43854469144508657
0.6667242821547082
0.6201070525105585
0.33144770343775853
0.010772391497881562
0.9375982107120953
0.724527423163975
0.5310825869294814
0.18182257286543602
0.828261184732514
0.19304799899914205
0.9511323396911453
0.7309836917844323
0.12207751967400704
0.5261255264281134
0.6665559835712833
0.44133293449108946
0.7521588112029902
0.8379550717088818
0.7611859707927469
0.37450795557063987
0.25549824409931665
0.811761184337638
0.36654539312311085
0.006037114748029149
0.6155335410781076
0.8175428866366884
